#
# MD time (ps), CV, handle_position, spring_constant, work
#
      0.0000       3.37517160       1.37133093       3.37520000       1.37130000     600.00000000     600.00000000       0.00000000
      0.0200       3.30677125       1.36480173       3.35344800       1.37758700     600.00000000     600.00000000       0.01899513
      0.0400       3.37191382       1.35046968       3.33169600       1.38387400     600.00000000     600.00000000       0.33677307
      0.0600       3.36022438       1.35238051       3.30994400       1.39016100     600.00000000     600.00000000       0.33878672
      0.0800       3.24291429       1.40557566       3.28819200       1.39644800     600.00000000     600.00000000       0.51260712
      0.1000       3.28697301       1.41026802       3.26644000       1.40273500     600.00000000     600.00000000       0.67168255
      0.1200       3.27356012       1.44074118       3.24468800       1.40902200     600.00000000     600.00000000       0.65948600
      0.1400       3.21324397       1.38735512       3.22293600       1.41530900     600.00000000     600.00000000       0.94084027
      0.1600       3.18863543       1.41853941       3.20118400       1.42159600     600.00000000     600.00000000       1.09976301
      0.1800       3.18969037       1.40916156       3.17943200       1.42788300     600.00000000     600.00000000       0.91045601
      0.2000       3.17125094       1.40468081       3.15768000       1.43417000     600.00000000     600.00000000       0.99185374
      0.2200       3.10579459       1.35609138       3.13592800       1.44045700     600.00000000     600.00000000       1.45653492
      0.2400       3.09558553       1.36736331       3.11417600       1.44674400     600.00000000     600.00000000       1.19482095
      0.2600       3.09444448       1.39796538       3.09242400       1.45303100     600.00000000     600.00000000       1.56487722
      0.2800       3.07344673       1.41458459       3.07067200       1.45931800     600.00000000     600.00000000       1.82982638
      0.3000       3.04670618       1.43593174       3.04892000       1.46560500     600.00000000     600.00000000       1.88176547
      0.3200       3.06588985       1.43536750       3.02716800       1.47189200     600.00000000     600.00000000       2.18313734
      0.3400       3.01323174       1.42997527       3.00541600       1.47817900     600.00000000     600.00000000       2.36820070
      0.3600       2.96834674       1.41836945       2.98366400       1.48446600     600.00000000     600.00000000       2.86650503
      0.3800       2.99318329       1.38821544       2.96191200       1.49075300     600.00000000     600.00000000       3.33368031
      0.4000       2.92411207       1.42327213       2.94016000       1.49704000     600.00000000     600.00000000       3.47280905
      0.4200       2.87444508       1.44652760       2.91840800       1.50332700     600.00000000     600.00000000       3.75825979
      0.4400       2.95060820       1.42688512       2.89665600       1.50961400     600.00000000     600.00000000       4.30144117
      0.4600       2.89197205       1.42055362       2.87490400       1.51590100     600.00000000     600.00000000       4.53976173
      0.4800       2.78519363       1.45306440       2.85315200       1.52218800     600.00000000     600.00000000       4.71836024
      0.5000       2.86813027       1.47054414       2.83140000       1.52847500     600.00000000     600.00000000       5.16521459
      0.5200       2.84936368       1.43267769       2.80964800       1.53476200     600.00000000     600.00000000       5.47913040
      0.5400       2.72422231       1.48740486       2.78789600       1.54104900     600.00000000     600.00000000       5.71859355
      0.5600       2.81280023       1.49826722       2.76614400       1.54733600     600.00000000     600.00000000       6.17790569
      0.5800       2.75516093       1.50276104       2.74439200       1.55362300     600.00000000     600.00000000       6.35950072
      0.6000       2.66309268       1.43089688       2.72264000       1.55991000     600.00000000     600.00000000       6.75104891
      0.6200       2.73222601       1.51492538       2.70088800       1.56619700     600.00000000     600.00000000       7.01449680
      0.6400       2.71072797       1.52274487       2.67913600       1.57248400     600.00000000     600.00000000       7.29054264
      0.6600       2.62941744       1.47611216       2.65738400       1.57877100     600.00000000     600.00000000       7.75708230
      0.6800       2.65873106       1.52056388       2.63563200       1.58505800     600.00000000     600.00000000       8.19257057
      0.7000       2.63308594       1.52540592       2.61388000       1.59134500     600.00000000     600.00000000       8.50778162
      0.7200       2.54481896       1.51372954       2.59212800       1.59763200     600.00000000     600.00000000       8.74765970
      0.7400       2.62514727       1.54453302       2.57037600       1.60391900     600.00000000     600.00000000       9.28329017
      0.7600       2.58785654       1.54470987       2.54862400       1.61020600     600.00000000     600.00000000       9.69639237
      0.7800       2.47463471       1.52348618       2.52687200       1.61649300     600.00000000     600.00000000      10.03279209
      0.8000       2.51366069       1.58723154       2.50512000       1.62278000     600.00000000     600.00000000      10.20156921
      0.8200       2.53918507       1.56946526       2.48336800       1.62906700     600.00000000     600.00000000      10.48369873
      0.8400       2.44050229       1.51459798       2.46161600       1.63535400     600.00000000     600.00000000      11.14970775
      0.8600       2.47707769       1.58907294       2.43986400       1.64164100     600.00000000     600.00000000      11.67980332
      0.8800       2.45108063       1.56924595       2.41811200       1.64792800     600.00000000     600.00000000      12.03143062
      0.9000       2.38407592       1.62694333       2.39636000       1.65421500     600.00000000     600.00000000      12.63551549
      0.9200       2.40731169       1.55304074       2.37460800       1.66050200     600.00000000     600.00000000      13.17586189
      0.9400       2.36155773       1.62215422       2.35285600       1.66678900     600.00000000     600.00000000      13.32934776
      0.9600       2.31754760       1.56853048       2.33110400       1.67307600     600.00000000     600.00000000      13.90966218
      0.9800       2.32858705       1.63159117       2.30935200       1.67936300     600.00000000     600.00000000      14.22694329
      1.0000       2.30092285       1.61730231       2.28760000       1.68565000     600.00000000     600.00000000      14.34179052
      1.0200       2.27755079       1.59044695       2.26584800       1.69193700     600.00000000     600.00000000      15.03294043
      1.0400       2.23532132       1.61157177       2.24409600       1.69822400     600.00000000     600.00000000      15.75873961
      1.0600       2.28676755       1.68960876       2.22234400       1.70451100     600.00000000     600.00000000      16.25232295
      1.0800       2.23635869       1.65282868       2.20059200       1.71079800     600.00000000     600.00000000      16.86082256
      1.1000       2.16456989       1.63521313       2.17884000       1.71708500     600.00000000     600.00000000      17.54300654
      1.1200       2.23514708       1.63221819       2.15708800       1.72337200     600.00000000     600.00000000      18.23554828
      1.1400       2.16914739       1.71598236       2.13533600       1.72965900     600.00000000     600.00000000      18.86488160
      1.1600       2.10725417       1.58129663       2.11358400       1.73594600     600.00000000     600.00000000      19.84107497
      1.1800       2.16466727       1.69961727       2.09183200       1.74223300     600.00000000     600.00000000      20.68305918
      1.2000       2.13156274       1.66863425       2.07008000       1.74852000     600.00000000     600.00000000      21.40097876
      1.2200       2.03394830       1.66162973       2.04832800       1.75480700     600.00000000     600.00000000      22.37440518
      1.2400       2.11246582       1.69183357       2.02657600       1.76109400     600.00000000     600.00000000      23.26980690
      1.2600       2.12389067       1.66316196       2.00482400       1.76738100     600.00000000     600.00000000      24.22439759
      1.2800       1.95317258       1.73142148       1.98307200       1.77366800     600.00000000     600.00000000      25.30268577
      1.3000       2.01732238       1.67905043       1.96132000       1.77995500     600.00000000     600.00000000      26.20940382
      1.3200       2.05292619       1.70165696       1.93956800       1.78624200     600.00000000     600.00000000      27.00821500
      1.3400       1.92943517       1.74598700       1.91781600       1.79252900     600.00000000     600.00000000      28.23469555
      1.3600       1.94261196       1.71872406       1.89606400       1.79881600     600.00000000     600.00000000      29.31425412
      1.3800       2.00352977       1.73599486       1.87431200       1.80510300     600.00000000     600.00000000      30.07416616
      1.4000       1.84481619       1.79672332       1.85256000       1.81139000     600.00000000     600.00000000      31.29784823
      1.4200       1.79412228       1.77065301       1.83080800       1.81767700     600.00000000     600.00000000      31.73178889
      1.4400       1.88689667       1.84294943       1.80905600       1.82396400     600.00000000     600.00000000      31.50001638
      1.4600       1.70976612       1.77625714       1.78730400       1.83025100     600.00000000     600.00000000      31.61815930
      1.4800       1.79135591       1.81197407       1.76555200       1.83653800     600.00000000     600.00000000      32.02559562
      1.5000       1.79495652       1.83713684       1.74380000       1.84282500     600.00000000     600.00000000      31.80842360
      1.5200       1.63211498       1.82002506       1.72204800       1.84911200     600.00000000     600.00000000      31.69166360
      1.5400       1.71227442       1.79196753       1.70029600       1.85539900     600.00000000     600.00000000      32.28354636
      1.5600       1.73599457       1.83009334       1.67854400       1.86168600     600.00000000     600.00000000      31.97340950
      1.5800       1.60191970       1.82276497       1.65679200       1.86797300     600.00000000     600.00000000      32.31150532
      1.6000       1.64601362       1.80108868       1.63504000       1.87426000     600.00000000     600.00000000      32.67791704
      1.6200       1.65090526       1.86682207       1.61328800       1.88054700     600.00000000     600.00000000      32.60511581
      1.6400       1.51967252       1.87590059       1.59153600       1.88683400     600.00000000     600.00000000      32.66122032
      1.6600       1.56966308       1.84027657       1.56978400       1.89312100     600.00000000     600.00000000      32.45600380
      1.6800       1.55156784       1.91096859       1.54803200       1.89940800     600.00000000     600.00000000      32.04062104
      1.7000       1.44613381       1.88692821       1.52628000       1.90569500     600.00000000     600.00000000      31.99505995
      1.7200       1.50740879       1.87222858       1.50452800       1.91198200     600.00000000     600.00000000      31.81598730
      1.7400       1.52441905       1.88444883       1.48277600       1.91826900     600.00000000     600.00000000      31.58107299
      1.7600       1.42580033       1.90608270       1.46102400       1.92455600     600.00000000     600.00000000      31.45466623
      1.7800       1.40339353       1.91026489       1.43927200       1.93084300     600.00000000     600.00000000      31.51498460
      1.8000       1.41725035       1.90683590       1.41752000       1.93713000     600.00000000     600.00000000      31.80099662
      1.8200       1.40033594       1.90782586       1.39576800       1.94341700     600.00000000     600.00000000      31.91514430
      1.8400       1.41750349       1.97268353       1.37401600       1.94970400     600.00000000     600.00000000      32.27942744
      1.8600       1.39146377       1.87777235       1.35226400       1.95599100     600.00000000     600.00000000      32.74354579
      1.8800       1.37468823       1.93277377       1.33051200       1.96227800     600.00000000     600.00000000      33.26759714
      1.9000       1.32890474       1.98183399       1.30876000       1.96856500     600.00000000     600.00000000      34.13297346
      1.9200       1.31945945       1.96461963       1.28700800       1.97485200     600.00000000     600.00000000      34.96820763
      1.9400       1.34500547       1.94412900       1.26525600       1.98113900     600.00000000     600.00000000      35.97048047
      1.9600       1.31543243       2.04110188       1.24350400       1.98742600     600.00000000     600.00000000      37.09436176
      1.9800       1.31289668       1.99089871       1.22175200       1.99371300     600.00000000     600.00000000      38.44403498
#
# <> total work done:    39.6930965798
#
